<?xml version="1.0" encoding="UTF-8"?>
<document version="1.1.0">
  <chunk>
    <sensors>
      <sensor id="0" label="Canon EOS 600D (33 mm)" type="frame">
        <resolution width="5184" height="3456"/>
        <property name="pixel_width" value="4.4035976080246883e-003"/>
        <property name="pixel_height" value="4.4035976080246883e-003"/>
        <property name="focal_length" value="3.3000000000000000e+001"/>
        <property name="fixed" value="false"/>
        <calibration type="frame" class="adjusted">
          <resolution width="5184" height="3456"/>
          <fx>7.5532203151840677e+003</fx>
          <fy>7.5532203151840677e+003</fy>
          <cx>2.6096679840461961e+003</cx>
          <cy>1.7215570673578607e+003</cy>
          <k1>-1.1067757921714215e-001</k1>
          <k2>5.8086648396345664e-001</k2>
          <k3>-1.1999034391438639e+000</k3>
        </calibration>
      </sensor>
      <sensor id="1" label="Canon EOS 600D (33 mm)" type="frame">
        <resolution width="5184" height="3456"/>
        <property name="pixel_width" value="4.4035976080246883e-003"/>
        <property name="pixel_height" value="4.4035976080246883e-003"/>
        <property name="focal_length" value="3.3000000000000000e+001"/>
        <property name="fixed" value="false"/>
        <calibration type="frame" class="adjusted">
          <resolution width="5184" height="3456"/>
          <fx>7.5552305790721739e+003</fx>
          <fy>7.5552305790721739e+003</fy>
          <cx>2.6046038685493277e+003</cx>
          <cy>1.7399413496501950e+003</cy>
          <k1>-1.3019800978236271e-001</k1>
          <k2>7.9232981402182279e-001</k2>
          <k3>-2.4416793358662554e+000</k3>
        </calibration>
      </sensor>
    </sensors>
    <cameras>
      <camera id="0" label="IMG_8187.JPG" sensor_id="0" enabled="true">
        <transform>9.3949803130706200e-001 -1.2458586892772222e-001 3.1909529992414376e-001 -1.9773489053855695e+000 1.1593970026176403e-001 9.9218915527627760e-001 4.6028969740360220e-002 -1.4929920699007687e-001 -3.2233745527531721e-001 -6.2483130260178495e-003 9.4660420636661113e-001 2.6691640984956894e-001 0.0000000000000000e+000 0.0000000000000000e+000 0.0000000000000000e+000 1.0000000000000000e+000</transform>
        <orientation>1</orientation>
      </camera>
      <camera id="1" label="IMG_8188.JPG" sensor_id="0" enabled="true">
        <transform>7.7309787993485424e-001 -2.2885535269766064e-001 5.9156140474329721e-001 -3.2639310666524510e+000 2.1967944748527643e-001 9.7152618304057703e-001 8.8757061798884762e-002 -3.8139089515965152e-001 -5.9502992226676932e-001 6.1335986241656877e-002 8.0135964984454133e-001 1.0435672550305730e+000 0.0000000000000000e+000 0.0000000000000000e+000 0.0000000000000000e+000 1.0000000000000000e+000</transform>
        <orientation>1</orientation>
      </camera>
      <camera id="2" label="IMG_8189.JPG" sensor_id="0" enabled="true">
        <transform>5.8593134939922054e-001 -2.8952581702376540e-001 7.5687466272027482e-001 -3.9470096237603345e+000 2.8588734299969748e-001 9.4779719934403794e-001 1.4124056084627745e-001 -6.3018332272303046e-001 -7.5825647435665322e-001 1.3362361390232946e-001 6.3811585852719510e-001 1.8086322203741396e+000 0.0000000000000000e+000 0.0000000000000000e+000 0.0000000000000000e+000 1.0000000000000000e+000</transform>
        <orientation>1</orientation>
      </camera>
      <camera id="3" label="IMG_8190.JPG" sensor_id="0" enabled="true">
        <transform>3.6956647310988328e-001 -3.2708041031276214e-001 8.6973503272132102e-001 -4.3961368990777112e+000 3.3418337565609957e-001 9.2015674137768499e-001 2.0404176712696542e-001 -9.2175578297904259e-001 -8.6703061848369367e-001 2.1524399291695862e-001 4.4936391724853497e-001 2.6677077503424207e+000 0.0000000000000000e+000 0.0000000000000000e+000 0.0000000000000000e+000 1.0000000000000000e+000</transform>
        <orientation>1</orientation>
      </camera>
      <camera id="4" label="IMG_8191.JPG" sensor_id="0" enabled="true">
        <transform>1.0739464407351991e-001 -3.4356919053068952e-001 9.3296655982002319e-001 -4.6138630450192144e+000 3.6817871353650228e-001 8.8542117829188749e-001 2.8367899451812040e-001 -1.2207469600034284e+000 -9.2353171321992411e-001 3.1303282311970471e-001 2.2158435487818057e-001 3.5173173261932451e+000 0.0000000000000000e+000 0.0000000000000000e+000 0.0000000000000000e+000 1.0000000000000000e+000</transform>
        <orientation>1</orientation>
      </camera>
      <camera id="5" label="IMG_8192.JPG" sensor_id="0" enabled="true">
        <transform>-7.2490377705396347e-002 -3.3845494382598068e-001 9.3818622679075880e-001 -4.6275705176372286e+000 3.7723211278632546e-001 8.6147775375031210e-001 3.3992942337503163e-001 -1.4733669640095879e+000 -9.2327735714837811e-001 3.7855558481294227e-001 6.5227225788295234e-002 4.2148091764473348e+000 0.0000000000000000e+000 0.0000000000000000e+000 0.0000000000000000e+000 1.0000000000000000e+000</transform>
        <orientation>1</orientation>
      </camera>
      <camera id="26" label="IMG_8196.JPG" sensor_id="1" enabled="true">
        <transform>-5.4644317398883113e-001 -2.6179523963955836e-001 7.9552693864072144e-001 -3.9924912483233550e+000 3.4578257429312559e-001 7.9461975086046532e-001 4.9901288846849562e-001 -2.1269581845619738e+000 -7.6278061650531670e-001 5.4776153939877736e-001 -3.4369030687415464e-001 5.9230515847434200e+000 0.0000000000000000e+000 0.0000000000000000e+000 0.0000000000000000e+000 1.0000000000000000e+000</transform>
        <orientation>1</orientation>
      </camera>
      <camera id="27" label="IMG_8197.JPG" sensor_id="1" enabled="true">
        <transform>-7.0483323385201890e-001 -2.0638529834354771e-001 6.7868639376765894e-001 -3.4818324101443192e+000 3.0989292707127719e-001 7.7103601395016685e-001 5.5630013386932942e-001 -2.3655999131795751e+000 -6.3810382087000639e-001 6.0241893547553982e-001 -4.7949446292070574e-001 6.5006249545930723e+000 0.0000000000000000e+000 0.0000000000000000e+000 0.0000000000000000e+000 1.0000000000000000e+000</transform>
        <orientation>1</orientation>
      </camera>
      <camera id="28" label="IMG_8198.JPG" sensor_id="1" enabled="true">
        <transform>-8.2455130083609252e-001 -1.4687346486931188e-001 5.4639119466440034e-001 -2.9094573216319577e+000 2.6439020168615862e-001 7.5376951050554197e-001 6.0160564017019302e-001 -2.5687755916990387e+000 -5.0021292820344010e-001 6.4051519134952484e-001 -5.8268972541878727e-001 6.9632979436198621e+000 0.0000000000000000e+000 0.0000000000000000e+000 0.0000000000000000e+000 1.0000000000000000e+000</transform>
        <orientation>1</orientation>
      </camera>
      <camera id="29" label="IMG_8199.JPG" sensor_id="1" enabled="true">
        <transform>-9.1660322275211648e-001 -8.0690959785971322e-002 3.9157055692333748e-001 -2.3191176179120689e+000 2.0801808838220756e-001 7.4014894401999132e-001 6.3945915864260161e-001 -2.7134112137862134e+000 -3.4141910747092935e-001 6.6758408434811456e-001 -6.6163772820089650e-001 7.2682269303850173e+000 0.0000000000000000e+000 0.0000000000000000e+000 0.0000000000000000e+000 1.0000000000000000e+000</transform>
        <orientation>1</orientation>
      </camera>
      <camera id="30" label="IMG_8200.JPG" sensor_id="1" enabled="true">
        <transform>-9.7599922886121571e-001 -6.8331043316584156e-003 2.1766674975178180e-001 -1.5702816640055275e+000 1.4364798709967608e-001 7.3102935657202950e-001 6.6705422240781631e-001 -2.8473524994001642e+000 -1.6367883511475584e-001 6.8231179713901902e-001 -7.1250252660632651e-001 7.5230215066498936e+000 0.0000000000000000e+000 0.0000000000000000e+000 0.0000000000000000e+000 1.0000000000000000e+000</transform>
        <orientation>1</orientation>
      </camera>
      <camera id="31" label="IMG_8201.JPG" sensor_id="1" enabled="true">
        <transform>-9.9668803546592122e-001 8.1135169353907244e-002 5.4812638136887450e-003 -6.4520126844222736e-001 6.2982094319445736e-002 7.2753725826063365e-001 6.8317113056520207e-001 -2.9323933657844368e+000 5.1441381729293620e-002 6.8125371348456720e-001 -7.3023774355292559e-001 7.6383160197035416e+000 0.0000000000000000e+000 0.0000000000000000e+000 0.0000000000000000e+000 1.0000000000000000e+000</transform>
        <orientation>1</orientation>
      </camera>
      <camera id="32" label="IMG_8202.JPG" sensor_id="1" enabled="true">
        <transform>-9.7387684177284806e-001 1.5186763799809522e-001 -1.6881977842487139e-001 1.2204850863151506e-001 -4.5574592437609557e-003 7.3022588550240042e-001 6.8319059251974212e-001 -2.9436054711594983e+000 2.2703111377911317e-001 6.6611288583175932e-001 -7.1045794858323674e-001 7.5806956108590153e+000 0.0000000000000000e+000 0.0000000000000000e+000 0.0000000000000000e+000 1.0000000000000000e+000</transform>
        <orientation>1</orientation>
      </camera>
      <camera id="33" label="IMG_8203.JPG" sensor_id="1" enabled="true">
        <transform>-9.0417398110668545e-001 2.2912207446652533e-001 -3.6051697169737157e-001 1.0830061322616187e+000 -7.9431696872821519e-002 7.3907473061480533e-001 6.6892387317134805e-001 -2.8718117424664169e+000 4.1971420922050234e-001 6.3346003627601455e-001 -6.5005258634944219e-001 7.2832256394349404e+000 0.0000000000000000e+000 0.0000000000000000e+000 0.0000000000000000e+000 1.0000000000000000e+000</transform>
        <orientation>1</orientation>
      </camera>
      <camera id="34" label="IMG_8204.JPG" sensor_id="1" enabled="true">
        <transform>-7.6944298567741543e-001 3.0746836897749585e-001 -5.5983988235042970e-001 2.0647175400597719e+000 -1.5901566603505823e-001 7.5669558976620765e-001 6.3413389941225895e-001 -2.6975508995377240e+000 6.1860448571542970e-001 5.7695319264797251e-001 -5.3334182636097449e-001 6.6957183034104517e+000 0.0000000000000000e+000 0.0000000000000000e+000 0.0000000000000000e+000 1.0000000000000000e+000</transform>
        <orientation>1</orientation>
      </camera>
      <camera id="35" label="IMG_8205.JPG" sensor_id="1" enabled="true">
        <transform>-5.5079206062245012e-001 3.7563014366911257e-001 -7.4533891695147458e-001 2.7679884492602431e+000 -2.3566264729537673e-001 7.8667804606447211e-001 5.7061437811355520e-001 -2.3307358196400028e+000 8.0068172367365187e-001 4.8993841144301636e-001 -3.4477402797728746e-001 5.6399377485544910e+000 0.0000000000000000e+000 0.0000000000000000e+000 0.0000000000000000e+000 1.0000000000000000e+000</transform>
        <orientation>1</orientation>
      </camera>
      <camera id="36" label="IMG_8206.JPG" sensor_id="1" enabled="true">
        <transform>-2.8051213545792708e-001 4.1491829479521375e-001 -8.6553783886382785e-001 3.1375913268626068e+000 -2.8996305255152982e-001 8.2298080407013818e-001 4.8849158056927355e-001 -2.0667450209813820e+000 9.1500512021290470e-001 3.8800181027451464e-001 -1.1054512747230069e-001 4.9147978111557871e+000 0.0000000000000000e+000 0.0000000000000000e+000 0.0000000000000000e+000 1.0000000000000000e+000</transform>
        <orientation>1</orientation>
      </camera>
      <camera id="37" label="IMG_8207.JPG" sensor_id="1" enabled="true">
        <transform>1.2192957276330995e-002 4.1940732018634930e-001 -9.0771627261328880e-001 3.3312570047768419e+000 -3.1371074089365059e-001 8.6355506158654238e-001 3.9478883805930898e-001 -1.6788463646858398e+000 9.4944031030961296e-001 2.7994670096710816e-001 1.4210187112356426e-001 3.8640015783896740e+000 0.0000000000000000e+000 0.0000000000000000e+000 0.0000000000000000e+000 1.0000000000000000e+000</transform>
        <orientation>1</orientation>
      </camera>
      <camera id="6" label="IMG_8214.JPG" sensor_id="0" enabled="true">
        <transform>6.0818138834034774e-001 3.1586489287408159e-001 -7.2824773829106537e-001 2.5935015530437329e+000 -2.5095804978613379e-001 9.4687659736105534e-001 2.0110884271331828e-001 -8.7303792977606298e-001 7.5308396352860119e-001 6.0448976993781961e-002 6.5514156108161670e-001 1.6800260084874374e+000 0.0000000000000000e+000 0.0000000000000000e+000 0.0000000000000000e+000 1.0000000000000000e+000</transform>
        <orientation>1</orientation>
      </camera>
      <camera id="7" label="IMG_8215.JPG" sensor_id="0" enabled="true">
        <transform>7.3121688645843796e-001 2.6908355693808800e-001 -6.2683004422536615e-001 2.1720535503431391e+000 -2.1741786736652829e-001 9.6291974076041820e-001 1.5973429125795030e-001 -6.9936018431294800e-001 6.4656889494300496e-001 1.9483640302462010e-002 7.6260674784107818e-001 1.2317485068461507e+000 0.0000000000000000e+000 0.0000000000000000e+000 0.0000000000000000e+000 1.0000000000000000e+000</transform>
        <orientation>1</orientation>
      </camera>
      <camera id="8" label="IMG_8216.JPG" sensor_id="0" enabled="true">
        <transform>8.3513985246171019e-001 2.1475485477098577e-001 -5.0638106123997750e-001 1.6683871568726620e+000 -1.7654845913330230e-001 9.7657719453021397e-001 1.2299440922722146e-001 -5.4633517320001501e-001 5.2093384264020481e-001 -1.3316736679432527e-002 8.5349317285864745e-001 8.5677523735360961e-001 0.0000000000000000e+000 0.0000000000000000e+000 0.0000000000000000e+000 1.0000000000000000e+000</transform>
        <orientation>1</orientation>
      </camera>
      <camera id="9" label="IMG_8217.JPG" sensor_id="0" enabled="true">
        <transform>9.4079587427354550e-001 1.3052916125541739e-001 -3.1283423887393225e-001 8.6435206026245992e-001 -1.0995013075901709e-001 9.9049684086481249e-001 8.2625522587765357e-002 -3.7755692995853168e-001 3.2064636548064962e-001 -4.3337585290178851e-002 9.4620703971449405e-001 4.7405888388753503e-001 0.0000000000000000e+000 0.0000000000000000e+000 0.0000000000000000e+000 1.0000000000000000e+000</transform>
        <orientation>1</orientation>
      </camera>
      <camera id="10" label="IMG_8218.JPG" sensor_id="0" enabled="true">
        <transform>9.9118679881893357e-001 5.0241375360384928e-002 -1.2257460605268865e-001 7.2175777977802377e-002 -4.3509375011954766e-002 9.9742594233422466e-001 5.6994945782526160e-002 -2.7192313328886458e-001 1.2512259641305401e-001 -5.1159493357351732e-002 9.9082139768288968e-001 2.8630224778403346e-001 0.0000000000000000e+000 0.0000000000000000e+000 0.0000000000000000e+000 1.0000000000000000e+000</transform>
        <orientation>1</orientation>
      </camera>
      <camera id="11" label="IMG_8219.JPG" sensor_id="0" enabled="true">
        <transform>9.9944570342189043e-001 -1.2811482078317562e-002 3.0727053852908890e-002 -5.6581861778181997e-001 1.1374842401366931e-002 9.9885434353967062e-001 4.6482398306000122e-002 -2.2700014199671809e-001 -3.1287359618009956e-002 -4.6107117876641623e-002 9.9844641058458561e-001 2.5146571607285456e-001 0.0000000000000000e+000 0.0000000000000000e+000 0.0000000000000000e+000 1.0000000000000000e+000</transform>
        <orientation>1</orientation>
      </camera>
      <camera id="12" label="IMG_8222.JPG" sensor_id="0" enabled="true">
        <transform>9.1818255731991827e-001 -1.4612655467970503e-001 3.6822251621932928e-001 -2.2048453231910954e+000 1.3528523653151880e-001 9.8926548851440255e-001 5.5242176015897815e-002 -2.2122914507015221e-001 -3.7234217624393023e-001 -9.0733224323113690e-004 9.2809508162587218e-001 4.4328422587789079e-001 0.0000000000000000e+000 0.0000000000000000e+000 0.0000000000000000e+000 1.0000000000000000e+000</transform>
        <orientation>1</orientation>
      </camera>
      <camera id="13" label="IMG_8223.JPG" sensor_id="0" enabled="true">
        <transform>8.0128315496618963e-001 -2.1844671548680158e-001 5.5697965677433647e-001 -3.0433331603197034e+000 2.0627259002625289e-001 9.7474786347419262e-001 8.5546602833532423e-002 -3.6791481445633450e-001 -5.6160210484941275e-001 4.6342584579683307e-002 8.2610861312734429e-001 9.4206648270324134e-001 0.0000000000000000e+000 0.0000000000000000e+000 0.0000000000000000e+000 1.0000000000000000e+000</transform>
        <orientation>1</orientation>
      </camera>
      <camera id="38" label="IMG_8224.JPG" sensor_id="1" enabled="true">
        <transform>9.4829457971652831e-001 -5.9510261271163850e-002 -3.1176260020036178e-001 8.2358167571773244e-001 -2.5011214122308958e-002 -9.9322172745675030e-001 1.1351228689422435e-001 -6.1508440741272741e-001 -3.1640453417797415e-001 -9.9845525244081412e-002 -9.4335520449105092e-001 8.5545673432324723e+000 0.0000000000000000e+000 0.0000000000000000e+000 0.0000000000000000e+000 1.0000000000000000e+000</transform>
        <orientation>1</orientation>
      </camera>
      <camera id="39" label="IMG_8225.JPG" sensor_id="1" enabled="true">
        <transform>9.8414485641567551e-001 -1.5060859200672014e-001 -9.3680059801026519e-002 -2.2686536081380881e-001 -1.4045505092504987e-001 -9.8429775253396290e-001 1.0691264203185283e-001 -5.6582228717149685e-001 -1.0831103480353348e-001 -9.2059689171443360e-002 -9.8984530779786239e-001 8.7322998060726285e+000 0.0000000000000000e+000 0.0000000000000000e+000 0.0000000000000000e+000 1.0000000000000000e+000</transform>
        <orientation>1</orientation>
      </camera>
      <camera id="40" label="IMG_8226.JPG" sensor_id="1" enabled="true">
        <transform>9.6825622598737493e-001 -2.2948263455268181e-001 9.9083809350700131e-002 -1.1494068960028168e+000 -2.3751755531296892e-001 -9.6819276668540777e-001 7.8664969689221986e-002 -3.8945400267991453e-001 7.7879983017694332e-002 -9.9701990836771892e-002 -9.9196482864482038e-001 8.6673735250493547e+000 0.0000000000000000e+000 0.0000000000000000e+000 0.0000000000000000e+000 1.0000000000000000e+000</transform>
        <orientation>1</orientation>
      </camera>
      <camera id="41" label="IMG_8227.JPG" sensor_id="1" enabled="true">
        <transform>8.7466772407587490e-001 -3.3142969708280628e-001 3.5370994946640716e-001 -2.2337479648403606e+000 -3.5759198894316740e-001 -9.3383203328658926e-001 9.2575942611456408e-003 -5.0479804053065291e-002 3.2723743964222468e-001 -1.3458116324149391e-001 -9.3530934379859998e-001 8.3486597347639506e+000 0.0000000000000000e+000 0.0000000000000000e+000 0.0000000000000000e+000 1.0000000000000000e+000</transform>
        <orientation>1</orientation>
      </camera>
      <camera id="42" label="IMG_8228.JPG" sensor_id="1" enabled="true">
        <transform>7.6103694605949135e-001 -3.9438376620257432e-001 5.1505748386788519e-001 -2.9043167764702083e+000 -4.2761241494713331e-001 -9.0204309550748840e-001 -5.8871694644785401e-002 2.6795141729852279e-001 4.8782208776922387e-001 -1.7544143981152618e-001 -8.5513151730089698e-001 7.9512400479110283e+000 0.0000000000000000e+000 0.0000000000000000e+000 0.0000000000000000e+000 1.0000000000000000e+000</transform>
        <orientation>1</orientation>
      </camera>
      <camera id="43" label="IMG_8229.JPG" sensor_id="1" enabled="true">
        <transform>5.8875937331812045e-001 -4.5316253723986016e-001 6.6933258935478890e-001 -3.3721593224968149e+000 -4.8895060885148361e-001 -8.5905161602540425e-001 -1.5151773199168789e-001 5.9360093448836904e-001 6.4365340240988200e-001 -2.3806309215515498e-001 -7.2734878959114835e-001 7.4770072920402511e+000 0.0000000000000000e+000 0.0000000000000000e+000 0.0000000000000000e+000 1.0000000000000000e+000</transform>
        <orientation>1</orientation>
      </camera>
      <camera id="44" label="IMG_8232.JPG" sensor_id="1" enabled="true">
        <transform>4.8948871861250232e-001 -4.7617896394618719e-001 7.3051652181605442e-001 -3.6101159270590983e+000 -5.1329253183654056e-001 -8.3456795431490993e-001 -2.0006775450196981e-001 7.8670111981332091e-001 7.0493373526305592e-001 -2.7703776624453613e-001 -6.5293070456390212e-001 7.1866911649169261e+000 0.0000000000000000e+000 0.0000000000000000e+000 0.0000000000000000e+000 1.0000000000000000e+000</transform>
        <orientation>1</orientation>
      </camera>
      <camera id="14" label="IMG_8236.JPG" sensor_id="0" enabled="true">
        <transform>-1.7017387634568071e-001 -4.9746482006082676e-001 8.5062894649273146e-001 -4.1287864575012634e+000 -4.8391502251311197e-001 -7.0977653159500720e-001 -5.1190187163468748e-001 2.1354679779586103e+000 8.5840963577747620e-001 -4.9874445159701875e-001 -1.1994527587850112e-001 4.9123533574939229e+000 0.0000000000000000e+000 0.0000000000000000e+000 0.0000000000000000e+000 1.0000000000000000e+000</transform>
        <orientation>1</orientation>
      </camera>
      <camera id="15" label="IMG_8237.JPG" sensor_id="0" enabled="true">
        <transform>-3.6034904727131101e-001 -4.7194951136581759e-001 8.0461930305718121e-001 -3.9252499938435172e+000 -4.3664798951510370e-001 -6.7689197118008237e-001 -5.9258399624387448e-001 2.4833482530999031e+000 8.2431007356641939e-001 -5.6487247947966834e-001 3.7841571629821713e-002 4.2246730609799013e+000 0.0000000000000000e+000 0.0000000000000000e+000 0.0000000000000000e+000 1.0000000000000000e+000</transform>
        <orientation>1</orientation>
      </camera>
      <camera id="16" label="IMG_8238.JPG" sensor_id="0" enabled="true">
        <transform>-5.6209283209545657e-001 -4.2651944028325317e-001 7.0861330439624748e-001 -3.6413046945452381e+000 -3.6060968095272494e-001 -6.4466073936043933e-001 -6.7407209490560094e-001 2.7695702645942850e+000 7.4432002936242592e-001 -6.3442391047919355e-001 2.0855214144718115e-001 3.6450404551399123e+000 0.0000000000000000e+000 0.0000000000000000e+000 0.0000000000000000e+000 1.0000000000000000e+000</transform>
        <orientation>1</orientation>
      </camera>
      <camera id="17" label="IMG_8239.JPG" sensor_id="0" enabled="true">
        <transform>-7.2711530634892263e-001 -3.6768865630093678e-001 5.7974855178838003e-001 -3.1149207492581432e+000 -2.7136148346395944e-001 -6.2177567363956543e-001 -7.3468221494895580e-001 3.0528299164750878e+000 6.3060786275256020e-001 -6.9152011084109177e-001 3.5232607019204787e-001 2.9925743868634287e+000 0.0000000000000000e+000 0.0000000000000000e+000 0.0000000000000000e+000 1.0000000000000000e+000</transform>
        <orientation>1</orientation>
      </camera>
      <camera id="18" label="IMG_8240.JPG" sensor_id="0" enabled="true">
        <transform>-8.5907037557624522e-001 -2.9622699160138743e-001 4.1742982554446245e-001 -2.4367288743426903e+000 -1.6775796420785244e-001 -6.0753180812883656e-001 -7.7637772221808576e-001 3.2559071942992639e+000 4.8358593367893338e-001 -7.3699027914789872e-001 4.7221814152928931e-001 2.4377108846463376e+000 0.0000000000000000e+000 0.0000000000000000e+000 0.0000000000000000e+000 1.0000000000000000e+000</transform>
        <orientation>1</orientation>
      </camera>
      <camera id="19" label="IMG_8242.JPG" sensor_id="0" enabled="true">
        <transform>-9.4002703483071892e-001 -2.2697046401175441e-001 2.5462439445908408e-001 -1.6849394869640366e+000 -7.0081758915557291e-002 -6.0204055207211127e-001 -7.9538400834314571e-001 3.3806425832211824e+000 3.3382288845234692e-001 -7.6552699634108035e-001 5.5002790567237203e-001 2.0108512882257101e+000 0.0000000000000000e+000 0.0000000000000000e+000 0.0000000000000000e+000 1.0000000000000000e+000</transform>
        <orientation>1</orientation>
      </camera>
      <camera id="20" label="IMG_8243.JPG" sensor_id="0" enabled="true">
        <transform>-9.7712498639319079e-001 -1.7308881140372481e-001 1.2355980063496583e-001 -1.0670384296941753e+000 5.7599454727370880e-003 -6.0233112032163694e-001 -7.9822555992666178e-001 3.3992903470077409e+000 2.1258782654295569e-001 -7.7925444166775681e-001 5.8954976986410090e-001 1.8078825336840691e+000 0.0000000000000000e+000 0.0000000000000000e+000 0.0000000000000000e+000 1.0000000000000000e+000</transform>
        <orientation>1</orientation>
      </camera>
      <camera id="21" label="IMG_8244.JPG" sensor_id="0" enabled="true">
        <transform>-9.9529963918604603e-001 -7.8389414553510742e-002 -5.6865876605257895e-002 -1.8235616047960604e-001 9.4561017362980546e-002 -6.5992596704199169e-001 -7.4535624503922282e-001 3.1578191597769281e+000 2.0900771072012412e-002 -7.4723009689763553e-001 6.6423665967706480e-001 1.4773348563258135e+000 0.0000000000000000e+000 0.0000000000000000e+000 0.0000000000000000e+000 1.0000000000000000e+000</transform>
        <orientation>1</orientation>
      </camera>
      <camera id="22" label="IMG_8245.JPG" sensor_id="0" enabled="true">
        <transform>-9.6503140248442876e-001 3.9816408402912340e-003 -2.6210406092839439e-001 7.6284704422971961e-001 1.9108173782480317e-001 -6.7380726687955472e-001 -7.1377274854827411e-001 3.0055333826696362e+000 -1.7944960765850043e-001 -7.3889641603984213e-001 6.4948435290981965e-001 1.5592175178754180e+000 0.0000000000000000e+000 0.0000000000000000e+000 0.0000000000000000e+000 1.0000000000000000e+000</transform>
        <orientation>1</orientation>
      </camera>
      <camera id="23" label="IMG_8246.JPG" sensor_id="0" enabled="true">
        <transform>-8.6121957458368836e-001 9.7306000682506236e-002 -4.9883102007099267e-001 1.7856739146622813e+000 2.9374406569318740e-001 -7.0565969436613818e-001 -6.4479362560211850e-001 2.6978403271464777e+000 -4.1474723413656100e-001 -7.0183754386486386e-001 5.7914488152603771e-001 1.8781796887675331e+000 0.0000000000000000e+000 0.0000000000000000e+000 0.0000000000000000e+000 1.0000000000000000e+000</transform>
        <orientation>1</orientation>
      </camera>
      <camera id="24" label="IMG_8247.JPG" sensor_id="0" enabled="true">
        <transform>-7.0321598325908496e-001 1.7005535116786735e-001 -6.9033937916660360e-001 2.6137612696333359e+000 3.6695031505768333e-001 -7.4484263296992737e-001 -5.5727633934116838e-001 2.3170425124560849e+000 -6.0896202440548397e-001 -6.4520588159873382e-001 4.6138337982893873e-001 2.3966248458672150e+000 0.0000000000000000e+000 0.0000000000000000e+000 0.0000000000000000e+000 1.0000000000000000e+000</transform>
        <orientation>1</orientation>
      </camera>
      <camera id="25" label="IMG_8248.JPG" sensor_id="0" enabled="true">
        <transform>-5.7455396835287642e-001 2.0704526454109257e-001 -7.9184594201212566e-001 3.0529408181261815e+000 4.0045238481462114e-001 -7.7265299927993913e-001 -4.9259032694521787e-001 2.0361824078722393e+000 -7.1381063661607358e-001 -6.0011632300315165e-001 3.6101907694598623e-001 2.8364634470106695e+000 0.0000000000000000e+000 0.0000000000000000e+000 0.0000000000000000e+000 1.0000000000000000e+000</transform>
        <orientation>1</orientation>
      </camera>
      <camera id="45" label="IMG_8251.JPG" sensor_id="1" enabled="true">
        <transform>-2.8371555986588359e-002 2.5817750338436785e-001 -9.6568081246192028e-001 3.7599615689499899e+000 4.3088904824018748e-001 -8.6854722481534319e-001 -2.4486801827153959e-001 9.9270395180765703e-001 -9.0195880333725054e-001 -4.2304857287524367e-001 -8.6603822494473737e-002 4.7022706284363913e+000 0.0000000000000000e+000 0.0000000000000000e+000 0.0000000000000000e+000 1.0000000000000000e+000</transform>
        <orientation>1</orientation>
      </camera>
      <camera id="46" label="IMG_8252.JPG" sensor_id="1" enabled="true">
        <transform>1.5598580809947959e-001 2.4759292284901008e-001 -9.5622495900631921e-001 3.7260696226031178e+000 4.0208371767222989e-001 -9.0015429738515484e-001 -1.6748410337078784e-001 6.5580602201896321e-001 -9.0221788480080090e-001 -3.5835734324012730e-001 -2.3996437838030615e-001 5.3666458896107381e+000 0.0000000000000000e+000 0.0000000000000000e+000 0.0000000000000000e+000 1.0000000000000000e+000</transform>
        <orientation>1</orientation>
      </camera>
      <camera id="47" label="IMG_8253.JPG" sensor_id="1" enabled="true">
        <transform>3.4697190021768587e-001 2.2113271794555867e-001 -9.1143338841263610e-001 3.5416700503077871e+000 3.5594853791352454e-001 -9.3014542138357681e-001 -9.0167252572053769e-002 3.1906650011415516e-001 -8.6770452275907461e-001 -2.9313787904871375e-001 -4.0144619197380438e-001 6.0673512915135799e+000 0.0000000000000000e+000 0.0000000000000000e+000 0.0000000000000000e+000 1.0000000000000000e+000</transform>
        <orientation>1</orientation>
      </camera>
      <camera id="48" label="IMG_8254.JPG" sensor_id="1" enabled="true">
        <transform>5.6740684667562413e-001 1.6756495134281807e-001 -8.0620807328325794e-001 3.0939393013677794e+000 2.7678514470582721e-001 -9.6091923521115119e-001 -4.9200682302656534e-003 -5.4852761270583805e-002 -7.7552527619401168e-001 -2.2035473782674886e-001 -5.9161164246615905e-001 6.8930801156233645e+000 0.0000000000000000e+000 0.0000000000000000e+000 0.0000000000000000e+000 1.0000000000000000e+000</transform>
        <orientation>1</orientation>
      </camera>
      <camera id="49" label="IMG_8255.JPG" sensor_id="1" enabled="true">
        <transform>7.4932091982593407e-001 9.6294263897825777e-002 -6.5516835534966977e-001 2.4511611438062322e+000 1.7883203365043451e-001 -9.8203646596097338e-001 6.0195375763689614e-002 -3.4148697749633294e-001 -6.3760274689783547e-001 -1.6227074370710767e-001 -7.5308096701820648e-001 7.5993749751943067e+000 0.0000000000000000e+000 0.0000000000000000e+000 0.0000000000000000e+000 1.0000000000000000e+000</transform>
        <orientation>1</orientation>
      </camera>
      <camera id="50" label="IMG_8256.JPG" sensor_id="1" enabled="true">
        <transform>8.7440028964621686e-001 1.9243211276256948e-002 -4.8482350632615695e-001 1.7207052605410804e+000 7.7800290877129377e-002 -9.9184498277988820e-001 1.0094872398300733e-001 -5.2333385737301696e-001 -4.7892718465967860e-001 -1.2598900330640242e-001 -8.6876666766158417e-001 8.1087699239756361e+000 0.0000000000000000e+000 0.0000000000000000e+000 0.0000000000000000e+000 1.0000000000000000e+000</transform>
        <orientation>1</orientation>
      </camera>
      <camera id="51" label="IMG_8259.JPG" sensor_id="1" enabled="true">
        <transform>9.5552835483019993e-001 -6.7132620701198409e-002 -2.8715635871991430e-001 6.8619598297134554e-001 -3.1664302560996178e-002 -9.9147060931189757e-001 1.2642548324614081e-001 -6.7837954508218945e-001 -2.9319436396154819e-001 -1.1171052818997664e-001 -9.4950398779188894e-001 8.6011575332116852e+000 0.0000000000000000e+000 0.0000000000000000e+000 0.0000000000000000e+000 1.0000000000000000e+000</transform>
        <orientation>1</orientation>
      </camera>
      <camera id="52" label="IMG_8260.JPG" sensor_id="1" enabled="true">
        <transform>9.8258193834804064e-001 -1.3234154038990881e-001 -1.3045478572836158e-001 -7.4532934110029703e-002 -1.1690763441775821e-001 -9.8591188985372302e-001 1.1962587704967584e-001 -6.3381622561071360e-001 -1.4444839717715938e-001 -1.0229106575007663e-001 -9.8421095219503785e-001 8.7368060934624729e+000 0.0000000000000000e+000 0.0000000000000000e+000 0.0000000000000000e+000 1.0000000000000000e+000</transform>
        <orientation>1</orientation>
      </camera>
    </cameras>
    <transform>
      <rotation>1.0000000000000000e+000 -2.9274135154685640e-032 0.0000000000000000e+000 -2.3111159332646743e-032 1.0000000000000000e+000 4.9303806576313238e-032 -4.9303806576313238e-032 0.0000000000000000e+000 1.0000000000000000e+000</rotation>
      <translation>7.9409338805090657e-023 -8.2718061255302786e-025 0.0000000000000000e+000</translation>
      <scale>2.3735128902601246e-001</scale>
    </transform>
    <region>
      <center>-5.7859599999868605e-001 -3.2026757726828184e-002 4.4384712528156776e+000</center>
      <size>3.1060297904439134e+000 9.0233256633145698e-001 2.1417781735191033e-001</size>
      <R>-9.5620843671848998e-001 -3.4137728229010102e-002 2.9068890769987049e-001 -7.5803677973198702e-002 -9.3040195306217988e-001 -3.5861679846852840e-001 2.8269989026194758e-001 -3.6494769659424314e-001 8.8707043170000843e-001</R>
    </region>
    <settings>
      <property name="accuracy_tiepoints" value="4.0000000000000000e+000"/>
      <property name="accuracy_cameras" value="1.0000000000000000e+001"/>
      <property name="accuracy_markers" value="5.0000000000000001e-003"/>
      <property name="accuracy_scalebars" value="1.0000000000000000e-003"/>
      <property name="accuracy_projections" value="1.0000000000000001e-001"/>
    </settings>
  </chunk>
</document>
