# Bundle file v0.3
53 8053
7.5532203152e+003 -1.1067757922e-001 5.8086648396e-001
9.3949803131e-001 1.1593970026e-001 -3.2233745528e-001
1.2458586893e-001 -9.9218915528e-001 6.2483130260e-003
-3.1909529992e-001 -4.6028969740e-002 -9.4660420637e-001
4.6546065656e-001 2.2916005917e-002 -9.1420746567e-002
7.5532203152e+003 -1.1067757922e-001 5.8086648396e-001
7.7309787993e-001 2.1967944749e-001 -5.9502992227e-001
2.2885535270e-001 -9.7152618304e-001 -6.1335986242e-002
-5.9156140474e-001 -8.8757061799e-002 -8.0135964984e-001
7.6618792174e-001 1.0454020787e-001 -2.6782579225e-001
7.5532203152e+003 -1.1067757922e-001 5.8086648396e-001
5.8593134940e-001 2.8588734300e-001 -7.5825647436e-001
2.8952581702e-001 -9.4779719934e-001 -1.3362361390e-001
-7.5687466272e-001 -1.4124056085e-001 -6.3811585853e-001
9.1718357969e-001 1.8683134516e-001 -4.5625613944e-001
7.5532203152e+003 -1.1067757922e-001 5.8086648396e-001
3.6956647311e-001 3.3418337566e-001 -8.6703061848e-001
3.2708041031e-001 -9.2015674138e-001 -2.1524399292e-001
-8.6973503272e-001 -2.0404176713e-001 -4.4936391725e-001
1.0077187052e+000 2.7626231074e-001 -6.6761680300e-001
7.5532203152e+003 -1.1067757922e-001 5.8086648396e-001
1.0739464407e-001 3.6817871354e-001 -9.2353171322e-001
3.4356919053e-001 -8.8542117829e-001 -3.1303282312e-001
-9.3296655982e-001 -2.8367899452e-001 -2.2158435488e-001
9.9528784733e-001 3.8102993424e-001 -9.1890497244e-001
7.5532203152e+003 -1.1067757922e-001 5.8086648396e-001
-7.2490377705e-002 3.7723211279e-001 -9.2327735715e-001
3.3845494383e-001 -8.6147775375e-001 -3.7855558481e-001
-9.3818622679e-001 -3.3992942338e-001 -6.5227225788e-002
9.7593744037e-001 4.4918513314e-001 -1.0840885776e+000
7.5552305791e+003 -1.3019800978e-001 7.9232981402e-001
-5.4644317399e-001 3.4578257429e-001 -7.6278061651e-001
2.6179523964e-001 -7.9461975086e-001 -5.4776153940e-001
-7.9552693864e-001 -4.9901288847e-001 3.4369030687e-001
7.2909199313e-001 6.1699754170e-001 -1.4889543147e+000
7.5552305791e+003 -1.3019800978e-001 7.9232981402e-001
-7.0483323385e-001 3.0989292707e-001 -6.3810382087e-001
2.0638529834e-001 -7.7103601395e-001 -6.0241893548e-001
-6.7868639377e-001 -5.5630013387e-001 4.7949446292e-001
5.7606228433e-001 6.6713177905e-001 -1.6130558566e+000
7.5552305791e+003 -1.3019800978e-001 7.9232981402e-001
-8.2455130084e-001 2.6439020169e-001 -5.0021292820e-001
1.4687346487e-001 -7.5376951051e-001 -6.4051519135e-001
-5.4639119466e-001 -6.0160564017e-001 5.8268972542e-001
4.1852008765e-001 7.0046055543e-001 -1.7071571956e+000
7.5552305791e+003 -1.3019800978e-001 7.9232981402e-001
-9.1660322275e-001 2.0801808838e-001 -3.4141910747e-001
8.0690959786e-002 -7.4014894402e-001 -6.6758408435e-001
-3.9157055692e-001 -6.3945915864e-001 6.6163772820e-001
2.1842002742e-001 7.1940131406e-001 -1.7687766925e+000
7.5552305791e+003 -1.3019800978e-001 7.9232981402e-001
-9.7599922886e-001 1.4364798710e-001 -1.6367883511e-001
6.8331043317e-003 -7.3102935657e-001 -6.8231179714e-001
-2.1766674975e-001 -6.6705422241e-001 7.1250252661e-001
2.5582234299e-002 7.2683562045e-001 -1.8041803576e+000
7.5552305791e+003 -1.3019800978e-001 7.9232981402e-001
-9.9668803547e-001 6.2982094319e-002 5.1441381729e-002
-8.1135169354e-002 -7.2753725826e-001 -6.8125371348e-001
-5.4812638137e-003 -6.8317113057e-001 7.3023774355e-001
-2.0205754144e-001 7.1629229878e-001 -1.8002263746e+000
7.5552305791e+003 -1.3019800978e-001 7.9232981402e-001
-9.7387684177e-001 -4.5574592438e-003 2.2703111378e-001
-1.5186763800e-001 -7.3022588550e-001 -6.6611288583e-001
1.6881977842e-001 -6.8319059252e-001 7.1045794858e-001
-3.8346685820e-001 6.9274233412e-001 -1.7605325892e+000
7.5552305791e+003 -1.3019800978e-001 7.9232981402e-001
-9.0417398111e-001 -7.9431696873e-002 4.1971420922e-001
-2.2912207447e-001 -7.3907473061e-001 -6.3346003628e-001
3.6051697170e-001 -6.6892387317e-001 6.5005258635e-001
-5.4727515648e-001 6.5017389372e-001 -1.6723641730e+000
7.5552305791e+003 -1.3019800978e-001 7.9232981402e-001
-7.6944298568e-001 -1.5901566604e-001 6.1860448572e-001
-3.0746836898e-001 -7.5669558977e-001 -5.7695319265e-001
5.5983988235e-001 -6.3413389941e-001 5.3334182636e-001
-7.0784605641e-001 5.8310720579e-001 -1.5279789063e+000
7.5552305791e+003 -1.3019800978e-001 7.9232981402e-001
-5.5079206062e-001 -2.3566264730e-001 8.0068172367e-001
-3.7563014367e-001 -7.8667804606e-001 -4.8993841144e-001
7.4533891695e-001 -5.7061437811e-001 3.4477402798e-001
-8.4033663483e-001 4.6744516828e-001 -1.2668731713e+000
7.5552305791e+003 -1.3019800978e-001 7.9232981402e-001
-2.8051213546e-001 -2.8996305255e-001 9.1500512021e-001
-4.1491829480e-001 -8.2298080407e-001 -3.8800181027e-001
8.6553783886e-001 -4.8849158057e-001 1.1054512747e-001
-1.0007234512e+000 3.5790272358e-001 -1.0131573584e+000
7.5552305791e+003 -1.3019800978e-001 7.9232981402e-001
1.2192957276e-002 -3.1371074089e-001 9.4944031031e-001
-4.1940732019e-001 -8.6355506159e-001 -2.7994670097e-001
9.0771627261e-001 -3.9478883806e-001 -1.4210187112e-001
-1.0054031772e+000 2.4425626330e-001 -7.4470014666e-001
7.5532203152e+003 -1.1067757922e-001 5.8086648396e-001
6.0818138834e-001 -2.5095804979e-001 7.5308396353e-001
-3.1586489287e-001 -9.4687659736e-001 -6.0448976994e-002
7.2824773829e-001 -2.0110884271e-001 -6.5514156108e-001
-7.2667848434e-001 2.2333037742e-002 -2.2871939848e-001
7.5532203152e+003 -1.1067757922e-001 5.8086648396e-001
7.3121688646e-001 -2.1741786737e-001 6.4656889494e-001
-2.6908355694e-001 -9.6291974076e-001 -1.9483640302e-002
6.2683004423e-001 -1.5973429126e-001 -7.6260674784e-001
-6.0209041644e-001 -1.5419499752e-002 -1.2671722568e-001
7.5532203152e+003 -1.1067757922e-001 5.8086648396e-001
8.3513985246e-001 -1.7654845913e-001 5.2093384264e-001
-2.1475485477e-001 -9.7657719453e-001 1.3316736679e-002
5.0638106124e-001 -1.2299440923e-001 -8.5349317286e-001
-4.5953926129e-001 -4.4302491400e-002 -4.2909319036e-002
7.5532203152e+003 -1.1067757922e-001 5.8086648396e-001
9.4079587427e-001 -1.0995013076e-001 3.2064636548e-001
-1.3052916126e-001 -9.9049684086e-001 4.3337585290e-002
3.1283423887e-001 -8.2625522588e-002 -9.4620703971e-001
-2.3894072242e-001 -6.6859571056e-002 3.4881880189e-002
7.5532203152e+003 -1.1067757922e-001 5.8086648396e-001
9.9118679882e-001 -4.3509375012e-002 1.2512259641e-001
-5.0241375360e-002 -9.9742594233e-001 5.1159493357e-002
1.2257460605e-001 -5.6994945783e-002 -9.9082139768e-001
-2.8290793650e-002 -6.6990990287e-002 6.1552127383e-002
7.5532203152e+003 -1.1067757922e-001 5.8086648396e-001
9.9944570342e-001 1.1374842401e-002 -3.1287359618e-002
1.2811482078e-002 -9.9885434354e-001 4.6107117877e-002
-3.0727053853e-002 -4.6482398306e-002 -9.9844641058e-001
1.3670360841e-001 -5.4848432316e-002 5.2961994959e-002
7.5532203152e+003 -1.1067757922e-001 5.8086648396e-001
9.1818255732e-001 1.3528523653e-001 -3.7234217624e-001
1.4612655468e-001 -9.8926548851e-001 9.0733224323e-004
-3.6822251622e-001 -5.5242176016e-002 -9.2809508163e-001
5.2678527584e-001 2.4430541201e-002 -9.7951307776e-002
7.5532203152e+003 -1.1067757922e-001 5.8086648396e-001
8.0128315497e-001 2.0627259003e-001 -5.6160210485e-001
2.1844671549e-001 -9.7474786347e-001 -4.6342584580e-002
-5.5697965677e-001 -8.5546602834e-002 -8.2610861313e-001
7.2238549754e-001 8.3034915455e-002 -2.2508005794e-001
7.5552305791e+003 -1.3019800978e-001 7.9232981402e-001
9.4829457972e-001 -2.5011214122e-002 -3.1640453418e-001
5.9510261271e-002 9.9322172746e-001 9.9845525244e-002
3.1176260020e-001 -1.1351228689e-001 9.4335520449e-001
4.5341735319e-001 -6.9361554706e-002 -1.9929384284e+000
7.5552305791e+003 -1.3019800978e-001 7.9232981402e-001
9.8414485642e-001 -1.4045505093e-001 -1.0831103480e-001
1.5060859201e-001 9.8429775253e-001 9.2059689171e-002
9.3680059801e-002 -1.0691264203e-001 9.8984530780e-001
2.5861801389e-001 -5.0505346526e-002 -2.0608896237e+000
7.5552305791e+003 -1.3019800978e-001 7.9232981402e-001
9.6825622599e-001 -2.3751755531e-001 7.7879983018e-002
2.2948263455e-001 9.6819276669e-001 9.9701990837e-002
-9.9083809351e-002 -7.8664969689e-002 9.9196482864e-001
8.1981922686e-002 -5.3005034654e-002 -2.0749851834e+000
7.5552305791e+003 -1.3019800978e-001 7.9232981402e-001
8.7466772408e-001 -3.5759198894e-001 3.2723743964e-001
3.3142969708e-001 9.3383203329e-001 1.3458116324e-001
-3.5370994947e-001 -9.2575942611e-003 9.3530934380e-001
-1.8899285344e-001 -7.9774306841e-002 -2.0410183068e+000
7.5552305791e+003 -1.3019800978e-001 7.9232981402e-001
7.6103694606e-001 -4.2761241495e-001 4.8782208777e-001
3.9438376620e-001 9.0204309551e-001 1.7544143981e-001
-5.1505748387e-001 5.8871694645e-002 8.5513151730e-001
-3.6882462973e-001 -1.1660246162e-001 -1.9726315028e+000
7.5552305791e+003 -1.3019800978e-001 7.9232981402e-001
5.8875937332e-001 -4.8895060885e-001 6.4365340241e-001
4.5316253724e-001 8.5905161603e-001 2.3806309216e-001
-6.6933258935e-001 1.5151773199e-001 7.2734878959e-001
-6.0215291829e-001 -1.8081351025e-001 -1.8478817042e+000
7.5552305791e+003 -1.3019800978e-001 7.9232981402e-001
4.8948871861e-001 -5.1329253184e-001 7.0493373526e-001
4.7617896395e-001 8.3456795431e-001 2.7703776624e-001
-7.3051652182e-001 2.0006775450e-001 6.5293070456e-001
-6.8718472553e-001 -2.2037572294e-001 -1.7770619613e+000
7.5532203152e+003 -1.1067757922e-001 5.8086648396e-001
-1.7017387635e-001 -4.8391502251e-001 8.5840963578e-001
4.9746482006e-001 7.0977653160e-001 4.9874445160e-001
-8.5062894649e-001 5.1190187163e-001 1.1994527588e-001
-9.2235613274e-001 -4.5376535182e-001 -1.2329043971e+000
7.5532203152e+003 -1.1067757922e-001 5.8086648396e-001
-3.6034904727e-001 -4.3664798952e-001 8.2431007357e-001
4.7194951137e-001 6.7689197118e-001 5.6487247948e-001
-8.0461930306e-001 5.9258399624e-001 -3.7841571630e-002
-9.0491404511e-001 -5.2569518228e-001 -1.0609735721e+000
7.5532203152e+003 -1.1067757922e-001 5.8086648396e-001
-5.6209283210e-001 -3.6060968095e-001 7.4432002936e-001
4.2651944028e-001 6.4466073936e-001 6.3442391048e-001
-7.0861330440e-001 6.7407209491e-001 -2.0855214145e-001
-8.9270051792e-001 -6.0402266685e-001 -8.7511087725e-001
7.5532203152e+003 -1.1067757922e-001 5.8086648396e-001
-7.2711530635e-001 -2.7136148346e-001 6.3060786275e-001
3.6768865630e-001 6.2177567364e-001 6.9152011084e-001
-5.7974855179e-001 7.3468221495e-001 -3.5232607019e-001
-7.8886716175e-001 -6.6987173066e-001 -7.1071726239e-001
7.5532203152e+003 -1.1067757922e-001 5.8086648396e-001
-8.5907037558e-001 -1.6775796421e-001 4.8358593368e-001
2.9622699160e-001 6.0753180813e-001 7.3699027915e-001
-4.1742982554e-001 7.7637772222e-001 -4.7221814153e-001
-6.4701010106e-001 -7.2458875570e-001 -5.6818239031e-001
7.5532203152e+003 -1.1067757922e-001 5.8086648396e-001
-9.4002703483e-001 -7.0081758916e-002 3.3382288845e-001
2.2697046401e-001 6.0204055207e-001 7.6552699634e-001
-2.5462439446e-001 7.9538400834e-001 -5.5002790567e-001
-4.7903079193e-001 -7.5767595981e-001 -4.7752976954e-001
7.5532203152e+003 -1.1067757922e-001 5.8086648396e-001
-9.7712498639e-001 5.7599454727e-003 2.1258782654e-001
1.7308881140e-001 6.0233112032e-001 7.7925444167e-001
-1.2355980063e-001 7.9822555993e-001 -5.8954976986e-001
-3.4333895406e-001 -7.7652000664e-001 -4.2234448927e-001
7.5532203152e+003 -1.1067757922e-001 5.8086648396e-001
-9.9529963919e-001 9.4561017363e-002 2.0900771072e-002
7.8389414554e-002 6.5992596704e-001 7.4723009690e-001
5.6865876605e-002 7.4535624504e-001 -6.6423665968e-001
-1.2128248577e-001 -7.5324407987e-001 -3.2327967548e-001
7.5532203152e+003 -1.1067757922e-001 5.8086648396e-001
-9.6503140248e-001 1.9108173782e-001 -1.7944960766e-001
-3.9816408403e-003 6.7380726688e-001 7.3889641604e-001
2.6210406093e-001 7.1377274855e-001 -6.4948435291e-001
1.0483089231e-001 -7.5340356783e-001 -3.1627670464e-001
7.5532203152e+003 -1.1067757922e-001 5.8086648396e-001
-8.6121957458e-001 2.9374406569e-001 -4.1474723414e-001
-9.7306000683e-002 7.0565969437e-001 7.0183754386e-001
4.9883102007e-001 6.4479362560e-001 -5.7914488153e-001
3.6180704836e-001 -7.2348883821e-001 -3.6612899196e-001
7.5532203152e+003 -1.1067757922e-001 5.8086648396e-001
-7.0321598326e-001 3.6695031506e-001 -6.0896202441e-001
-1.7005535117e-001 7.4484263297e-001 6.4520588160e-001
6.9033937917e-001 5.5727633934e-001 -4.6138337983e-001
5.8085859221e-001 -6.7114979066e-001 -4.7229403924e-001
7.5532203152e+003 -1.1067757922e-001 5.8086648396e-001
-5.7455396835e-001 4.0045238481e-001 -7.1381063662e-001
-2.0704526454e-001 7.7265299928e-001 6.0011632300e-001
7.9184594201e-001 4.9259032695e-001 -3.6101907695e-001
7.0336276066e-001 -6.2740811220e-001 -5.6879934321e-001
7.5552305791e+003 -1.3019800978e-001 7.9232981402e-001
-2.8371555987e-002 4.3088904824e-001 -9.0195880334e-001
-2.5817750338e-001 8.6854722482e-001 4.2304857288e-001
9.6568081246e-001 2.4486801827e-001 8.6603822494e-002
9.3046098390e-001 -4.4640120206e-001 -1.0161575485e+000
7.5552305791e+003 -1.3019800978e-001 7.9232981402e-001
1.5598580810e-001 4.0208371767e-001 -9.0221788480e-001
-2.4759292285e-001 9.0015429739e-001 3.5835734324e-001
9.5622495901e-001 1.6748410337e-001 2.3996437838e-001
9.4868859220e-001 -3.7761524459e-001 -1.1774052080e+000
7.5552305791e+003 -1.3019800978e-001 7.9232981402e-001
3.4697190022e-001 3.5594853791e-001 -8.6770452276e-001
-2.2113271795e-001 9.3014542138e-001 2.9313787905e-001
9.1143338841e-001 9.0167252572e-002 4.0144619197e-001
9.3094798771e-001 -3.0669812232e-001 -1.3511176451e+000
7.5552305791e+003 -1.3019800978e-001 7.9232981402e-001
5.6740684668e-001 2.7678514471e-001 -7.7552527619e-001
-1.6756495134e-001 9.6091923521e-001 2.2035473783e-001
8.0620807328e-001 4.9200682303e-003 5.9161164247e-001
8.5575059724e-001 -2.2495632996e-001 -1.5599000648e+000
7.5552305791e+003 -1.3019800978e-001 7.9232981402e-001
7.4932091983e-001 1.7883203365e-001 -6.3760274690e-001
-9.6294263898e-002 9.8203646596e-001 1.6227074371e-001
6.5516835535e-001 -6.0195375764e-002 7.5308096702e-001
7.2860789633e-001 -1.5707215393e-001 -1.7443952143e+000
7.5552305791e+003 -1.3019800978e-001 7.9232981402e-001
8.7440028965e-001 7.7800290877e-002 -4.7892718466e-001
-1.9243211276e-002 9.9184498278e-001 1.2598900331e-001
4.8482350633e-001 -1.0094872398e-001 8.6876666766e-001
5.7430483885e-001 -1.1142168715e-001 -1.8825985709e+000
7.5552305791e+003 -1.3019800978e-001 7.9232981402e-001
9.5552835483e-001 -3.1664302561e-002 -2.9319436396e-001
6.7132620701e-002 9.9147060931e-001 1.1171052819e-001
2.8715635872e-001 -1.2642548325e-001 9.4950398779e-001
4.3783024006e-001 -7.9349527693e-002 -2.0055337478e+000
7.5552305791e+003 -1.3019800978e-001 7.9232981402e-001
9.8258193835e-001 -1.1690763442e-001 -1.4444839718e-001
1.3234154039e-001 9.8591188985e-001 1.0229106575e-001
1.3045478573e-001 -1.1962587705e-001 9.8421095220e-001
2.9933662153e-001 -6.1461273798e-002 -2.0566389241e+000
-3.9368445115e-001 -3.3354270495e-002 1.1209145145e+000
78 95 62
7 0 0 -1957.9294 108.7468 1 0 -1699.7885 -170.2372 2 0 -1480.2098 -385.5667 3 0 -1089.0332 -571.6951 4 0 -883.4343 -714.0867 5 0 -399.8005 -767.8098 24 0 -1926.8041 13.2980
-3.8249984184e-001 -3.1127682485e-002 1.1177517577e+000
65 82 54
17 0 1 -1870.6671 102.5955 1 1 -1603.4927 -164.8530 2 1 -1386.7792 -369.4993 3 1 -1009.7549 -545.4063 21 0 -1545.8768 418.4738 22 0 -1815.9385 285.1633 23 0 -1992.5508 170.1157 24 1 -1835.7810 8.9806 25 0 -1741.2878 -170.3944 34 0 1567.7441 -878.8682 35 0 1468.2676 -677.7854 36 0 1699.3208 -466.2891 37 0 1797.3730 -252.4998 38 0 1904.0015 -49.7216 39 0 1919.3188 73.7993 40 0 1911.6543 219.2281 41 0 1744.5137 349.3313
1.7502886614e-001 3.7370593913e-002 9.6836981329e-001
47 54 33
10 0 2 2286.5205 102.5486 1 2 2193.9253 325.0967 18 0 1025.8477 -1276.6619 19 0 1438.8203 -1152.0713 20 0 1782.4321 -1002.2332 21 1 2118.4170 -760.3706 22 1 2279.0557 -536.3066 23 1 2313.6631 -362.9019 24 2 2361.0728 104.2151 25 1 2195.4712 272.4266
1.8964957107e-001 3.9498568592e-002 9.6509727390e-001
73 92 65
6 0 3 2388.5854 100.5549 1 3 2270.6777 333.8580 24 3 2460.2725 104.5903 42 0 -1757.8312 -336.4124 43 0 -1220.6050 -498.4751 44 0 -776.2179 -568.2778
-6.8605678702e-002 8.0398698874e-003 1.0369362758e+000
64 77 55
13 0 4 504.0117 98.9432 1 4 715.9731 131.0073 22 2 273.8257 -136.7192 23 2 293.3494 -116.3091 24 4 592.3479 60.6039 25 2 644.4771 95.0121 35 1 -603.1871 222.8452 36 1 -621.8777 203.9347 37 1 -631.1499 184.8297 38 1 -490.1138 194.0933 39 1 -395.5574 188.2283 40 1 -210.7815 167.9240 41 1 -83.5203 146.0908
-3.6520659609e-001 -2.8325805832e-002 1.1135548943e+000
69 83 64
17 0 5 -1737.3407 97.1498 1 5 -1460.5325 -152.1711 2 2 -1250.1418 -340.7249 3 2 -894.1429 -500.7158 21 2 -1462.2808 386.3456 22 3 -1713.1309 259.2971 23 3 -1874.6887 150.3044 24 5 -1697.2090 6.6577 25 3 -1595.7141 -159.9181 33 0 1044.7869 -933.4385 34 1 1448.3477 -797.3130 35 2 1333.3884 -614.8625 36 2 1556.6401 -420.6284 37 2 1656.5986 -222.8442 38 2 1772.0122 -32.0353 39 2 1797.4209 84.1991 41 2 1657.5122 343.7957
8.8881735452e-002 2.8808430057e-002 9.9371974204e-001
89 106 78
14 0 6 1661.4092 88.7592 1 6 1697.5498 248.1304 21 3 1387.1948 -540.3870 22 4 1523.4146 -399.8491 23 4 1571.2690 -285.8674 24 6 1745.5737 76.5056 25 4 1672.1484 200.6742 37 3 -1752.1055 375.4893 38 3 -1692.8146 304.5225 39 3 -1634.1664 237.5917 40 2 -1446.9015 126.8108 41 3 -1243.8843 5.7849 42 1 -998.9438 -116.8041 43 1 -656.1903 -203.0508
-2.8402574765e-001 -1.3010937432e-002 1.0935809165e+000
60 78 55
9 0 7 -1113.0740 59.9995 1 7 -809.8845 -108.1807 2 3 -644.1152 -228.8586 3 3 -395.4165 -327.1116 4 1 -404.2849 -395.6174 22 5 -1212.3812 122.3586 23 5 -1310.1569 42.4229 24 7 -1051.5979 -16.4437 25 5 -931.6206 -125.3087
-8.1116938296e-002 1.1815881226e-002 1.0416684708e+000
71 89 66
13 0 8 411.3560 61.4429 1 8 634.8125 82.4452 2 4 610.4241 98.5289 21 4 151.7847 -169.5563 22 6 179.9170 -157.8224 23 6 195.2256 -144.4331 24 8 498.9897 20.3048 25 6 560.4875 45.8854 37 4 -542.4746 201.9229 38 4 -395.8303 217.4186 39 4 -298.4807 216.7264 40 3 -114.3455 205.2672 41 4 5.7141 190.8176
1.6918943398e-002 2.4481164467e-002 1.0146446407e+000
84 111 76
10 0 9 1137.3782 57.0369 1 9 1265.7107 161.4447 22 7 931.9004 -316.0009 23 7 976.7300 -247.3627 24 9 1225.8687 32.4539 37 5 -1254.0808 319.3044 38 5 -1147.7200 284.4388 39 5 -1063.7212 246.0161 40 4 -865.3724 179.8892 41 5 -685.6132 107.4647
-1.5925393394e-002 2.1191888895e-002 1.0251199357e+000
86 103 75
14 0 11 891.8333 51.8159 1 11 1053.6677 127.9465 2 6 954.1289 178.5087 21 5 597.4451 -324.1626 22 8 674.0442 -268.0443 23 8 709.4724 -218.0382 24 11 980.5500 21.6760 36 4 -966.0634 340.0803 37 7 -1015.9373 292.7101 38 6 -893.4103 274.5656 39 6 -803.0613 248.8521 40 5 -607.6628 201.3601 41 6 -446.3374 149.7256 42 2 -325.5999 105.8511
-2.9531217817e-002 2.0158938830e-002 1.0288632952e+000
82 103 76
16 0 12 791.9023 47.4071 1 12 967.7021 112.4915 2 7 883.9929 156.2290 3 5 777.0701 187.5389 20 1 404.4319 -347.7148 21 6 501.4624 -298.4276 22 9 568.9197 -252.0076 23 9 600.5605 -209.3278 24 12 880.5112 14.9369 25 8 907.2883 72.5990 37 8 -919.1769 280.3760 38 7 -790.0205 268.8140 39 7 -696.8932 248.0780 40 6 -502.9868 208.9390 41 7 -348.7856 165.2585 42 3 -245.3484 128.8308
1.2012402472e-001 3.8595253218e-002 9.8710211622e-001
68 82 58
10 0 13 1883.6313 47.0049 1 13 1875.2529 231.7419 18 1 774.3408 -1053.4583 19 1 1090.8889 -961.5020 20 2 1362.0776 -852.2192 21 7 1638.7153 -671.0166 22 10 1786.2109 -500.2869 23 10 1831.2310 -364.2610 24 13 1964.2432 39.5948 25 9 1858.9434 182.1505
-2.7958490094e-001 -8.9496593923e-003 1.0945606977e+000
79 99 72
17 0 15 -1079.2239 34.2483 1 15 -777.8995 -131.0250 2 8 -616.8611 -248.9604 21 8 -1022.4113 186.5375 22 12 -1180.8828 92.2593 23 12 -1276.0734 14.0342 24 15 -1017.1422 -42.3953 25 11 -898.4797 -148.1276 33 2 616.7703 -455.8013 34 3 888.5083 -381.0068 35 4 699.6934 -280.1174 36 5 876.5276 -164.3514 37 9 976.8176 -40.9459 38 8 1130.0344 91.1200 39 9 1195.0913 170.6110 40 7 1274.7515 265.0890 41 8 1219.2051 349.8767
-4.4268055662e-001 -2.8898763717e-002 1.1391065061e+000
54 86 67
6 0 16 -2327.2471 31.3857 1 16 -2115.2227 -309.0701 2 9 -1889.0707 -581.2112 23 13 -2380.3748 151.7700 24 16 -2313.5659 -75.0776 25 12 -2258.1438 -306.1128
-2.8425051898e-001 -8.9549663755e-003 1.0958622437e+000
69 87 62
12 0 17 -1114.4460 30.3074 1 17 -813.8519 -140.2458 2 10 -649.2119 -262.0929 21 9 -1047.2371 191.0035 22 13 -1210.4220 94.3494 23 14 -1308.2769 13.3497 33 3 636.8545 -473.5417 34 4 915.3208 -395.3982 35 5 731.3713 -290.2681 36 6 912.0552 -171.3810 37 10 1014.3828 -44.1450 39 10 1228.8491 171.5638
1.7288396076e-001 4.7488982384e-002 9.7301644573e-001
54 67 47
14 0 18 2261.9131 30.2843 1 18 2172.2969 255.8334 2 11 1836.8135 390.0669 21 10 2089.4053 -841.3708 22 14 2249.2114 -615.7507 23 15 2284.6958 -441.7446 24 17 2336.1719 31.3733 25 13 2173.5728 201.7090 37 11 -2332.2695 518.6167 38 9 -2338.8413 411.4923 39 11 -2319.6128 314.2708 41 9 -1949.8379 -20.6040 42 4 -1617.2529 -214.5730 43 2 -1106.6626 -357.3784
1.8767454573e-001 5.0030265121e-002 9.6990858021e-001
55 69 50
15 0 19 2363.5518 24.9432 1 19 2250.2524 261.1035 2 12 1895.5752 400.1586 21 11 2221.0825 -889.5901 22 15 2380.6421 -648.2549 23 16 2410.5547 -462.8206 24 18 2435.4087 28.5721 25 14 2255.5474 206.7061 37 12 -2428.3457 542.2607 38 10 -2449.9849 429.8160 39 12 -2439.6421 327.5188 40 8 -2292.2078 162.9928 41 10 -2081.6362 -26.7399 42 5 -1739.3467 -234.7693 43 3 -1202.4144 -388.7349
-4.4751998764e-001 -2.6773733432e-002 1.1412842755e+000
51 57 39
6 0 20 -2362.2668 12.1646 1 20 -2154.0942 -336.8088 2 13 -1928.1736 -617.1965 3 6 -1476.6788 -863.8069 24 19 -2350.6836 -95.8651 25 15 -2297.6418 -334.6067
1.1776214313e-001 4.3770267364e-002 9.8998023057e-001
70 85 62
16 0 21 1862.0532 9.2050 1 21 1857.8472 193.7933 2 14 1594.7388 306.8350 18 2 766.4243 -1087.4258 19 2 1076.7649 -996.7393 20 3 1342.6919 -888.6487 21 12 1614.5630 -709.4233 22 16 1760.5469 -539.5598 23 17 1805.7866 -404.4414 24 20 1942.9668 1.1538 25 16 1840.6289 142.1733 37 13 -1961.2543 481.4519 38 11 -1919.5231 399.4530 39 13 -1870.5612 323.9973 40 9 -1688.2765 202.8717 41 11 -1476.4677 65.4675
-4.4686760184e-001 -2.5627471055e-002 1.1407420401e+000
49 63 45
5 0 22 -2356.3225 4.6644 1 22 -2144.9375 -344.8003 2 15 -1917.5060 -623.6777 22 17 -2173.1008 270.3805 25 17 -2288.6023 -341.5637
-1.2899687610e-001 1.3836299750e-002 1.0573071686e+000
88 116 85
16 0 23 54.2878 4.3074 1 23 310.8276 -17.5747 2 16 337.8433 -29.7040 3 7 368.7720 -39.7496 22 18 -167.2549 -144.5916 23 18 -171.8149 -156.4106 24 21 138.9036 -45.8981 25 18 224.3574 -50.2863 35 6 -271.7410 161.9423 36 7 -224.4268 175.3979 37 14 -186.9277 193.4127 38 12 -25.5000 235.8597 39 14 73.4207 254.5372 40 10 242.5181 271.4519 41 12 328.1189 283.4816 42 6 297.9995 305.4257
-7.4106723051e-003 2.8867088048e-002 1.0264598490e+000
68 84 60
8 0 24 947.9980 4.9885 1 24 1097.9116 88.5681 2 17 987.9255 142.9076 3 8 851.0112 182.5948 21 13 659.1455 -394.4880 22 19 738.4214 -331.2534 23 19 774.2207 -275.9833 25 19 1044.3669 46.4346
-1.3354862301e-001 1.3487052159e-002 1.0587656924e+000
90 112 83
19 0 25 19.5186 3.1904 1 25 278.3218 -23.2858 2 18 309.9119 -38.4969 20 4 -145.9883 -102.9033 21 14 -181.5652 -120.0070 22 20 -198.5920 -140.4962 23 20 -206.6936 -153.4182 24 22 103.5105 -47.8468 25 20 190.7283 -54.9098 33 4 37.1301 140.2671 34 5 94.3062 148.0140 35 7 -244.2881 154.4574 36 8 -192.2952 170.0637 37 15 -151.7603 190.2878 38 13 10.2893 234.5853 39 15 108.7524 255.1771 40 11 275.5552 274.4327 41 13 356.7869 289.0503 42 7 320.1345 312.0475
-6.2752944595e-002 2.2195463986e-002 1.0405266188e+000
71 87 61
14 0 26 544.4829 3.3914 1 26 749.8992 40.0305 2 19 703.9678 65.9207 22 21 317.1497 -246.1403 23 21 337.6958 -221.9821 24 23 631.7036 -35.0416 25 21 680.6287 2.4233 35 8 -647.3750 325.2366 36 9 -667.5084 303.9932 37 16 -676.5773 282.2354 38 14 -532.1165 288.3785 39 16 -435.1638 281.9290 41 14 -112.5842 239.6084 42 8 -53.1997 225.0166
1.4677746595e-001 4.8406498050e-002 9.8194052426e-001
81 97 72
15 0 27 2071.0439 1.4800 1 27 2024.1543 208.7704 20 5 1552.7905 -1010.4922 21 15 1857.1152 -799.1475 22 22 2012.2246 -600.3699 23 22 2054.0815 -444.3289 24 24 2148.7646 -1.5728 36 10 -1948.3657 639.1952 37 17 -2161.3938 518.3562 38 15 -2143.5381 423.6172 39 17 -2108.4004 337.3254 40 12 -1936.9951 199.7068 41 15 -1721.4017 42.1829 42 9 -1411.7159 -124.2467 43 4 -952.7957 -243.8134
-4.0674008944e-001 -1.9955703127e-002 1.1295353894e+000
47 65 45
9 0 28 -2046.9001 -0.3115 1 28 -1797.6495 -303.7733 2 20 -1573.7463 -539.6038 3 9 -1167.1238 -744.0840 4 2 -932.6796 -902.5857 22 23 -1946.6177 217.8843 23 23 -2143.1792 90.5314 24 25 -2019.7654 -101.5664 25 22 -1937.0840 -306.5286
1.7898989508e-001 5.2821087475e-002 9.7351703165e-001
51 63 46
10 0 29 2298.9028 -1.3123 1 29 2200.8286 230.3937 20 6 1803.9072 -1148.4409 21 16 2138.6772 -896.2671 23 24 2331.4048 -483.0356 24 26 2372.1035 1.1993 25 23 2203.0215 176.7483 41 16 -2003.3604 13.4945 42 10 -1665.3545 -183.6793 43 5 -1143.4703 -327.7666
1.1485717731e-001 -6.5375043437e-002 9.4686108636e-001
67 83 58
17 0 30 1933.5630 800.1815 1 30 1929.9492 946.3737 2 21 1654.3911 1033.2791 3 10 1339.6030 1091.4497 21 17 1669.1602 225.1350 22 24 1827.5923 363.5537 23 25 1878.0396 473.2598 24 27 2020.2847 795.3469 25 24 1915.0693 907.9174 36 11 -1652.1941 -81.8431 37 18 -1848.7405 -213.0239 38 16 -1835.9458 -314.9059 39 18 -1810.4880 -411.5889 40 13 -1660.8728 -597.8752 41 17 -1477.8068 -774.0110 42 11 -1230.5890 -965.9287 43 6 -856.7626 -1111.3982
1.1779983137e-001 -6.5130593289e-002 9.4598718310e-001
82 97 62
7 0 31 1955.8809 800.8843 1 31 1947.6094 948.6884 2 22 1667.6572 1036.8590 3 11 1348.5725 1095.2378 24 28 2042.4453 796.5014 25 25 1933.6768 910.9153 41 18 -1500.7665 -778.9614
1.4809470125e-001 -4.9306453455e-002 9.4239519905e-001
63 78 52
13 0 33 2171.4390 707.9521 1 33 2114.7949 878.4240 22 26 2122.3726 208.1591 23 27 2165.2456 341.5438 24 30 2253.4434 707.2569 25 27 2110.3667 838.0214 38 18 -2083.5837 -220.6564 39 20 -2070.9214 -328.5496 40 14 -1931.4266 -531.7305 41 20 -1742.8610 -732.5503 42 12 -1461.6124 -955.6282 43 7 -1024.7864 -1123.5032 44 1 -666.8523 -1199.4702
1.6447120589e-001 -4.1785494578e-002 9.4042165917e-001
52 66 45
18 0 35 2285.5552 665.7776 1 35 2202.2734 847.9371 2 25 1862.0830 954.3722 18 3 986.6106 -488.1021 19 3 1405.8604 -381.5842 20 7 1756.8979 -255.0991 21 19 2100.7021 -51.0609 22 28 2267.8755 135.4249 23 29 2305.9912 279.7950 24 32 2365.0747 667.0865 25 29 2203.0962 806.0649 37 21 -2183.9106 -49.5758 38 19 -2204.9363 -173.8243 39 22 -2200.1626 -288.0383 40 16 -2067.8359 -499.0498 41 22 -1878.4480 -712.0774 42 13 -1582.4619 -951.4172 43 8 -1115.3647 -1132.7510
1.7380972780e-001 -4.0124262080e-002 9.3839130398e-001
57 71 52
19 0 36 2353.5391 661.2457 1 36 2253.4512 849.2968 2 26 1899.8438 959.0005 19 4 1471.4810 -425.5652 20 8 1834.2090 -292.9420 21 20 2187.1738 -79.6892 22 29 2355.4443 115.6709 23 30 2390.3569 265.7084 24 33 2431.4512 663.5852 25 30 2257.9067 806.5165 36 13 -1986.0642 120.4281 37 22 -2242.2827 -34.4315 38 20 -2272.2375 -162.5416 39 23 -2272.7170 -280.9209 40 17 -2145.8279 -498.1340 41 23 -1957.7649 -718.9431 42 14 -1655.8481 -967.9419 43 9 -1171.0847 -1158.0999 44 2 -767.9978 -1243.2144
1.8344739308e-001 -3.4811344182e-002 9.3771698996e-001
48 57 39
16 0 37 2418.1519 630.2726 1 37 2302.1694 826.3470 2 27 1936.9810 940.0604 19 5 1540.1396 -510.6406 20 9 1914.5728 -368.5176 21 21 2274.2109 -142.1388 22 30 2441.1504 64.0764 23 31 2471.0850 222.1807 24 34 2494.2388 634.0576 25 31 2308.6543 782.8130 36 14 -2041.2255 162.6760 37 23 -2307.8635 4.3872 38 21 -2344.5803 -128.0498 39 24 -2349.4402 -249.6418 40 18 -2227.0413 -470.9014 41 24 -2039.1477 -698.5776
7.0291534469e-002 -4.6796577589e-002 9.6930138070e-001
56 75 49
10 0 38 1578.9189 621.8564 1 38 1640.1685 746.7567 2 28 1427.1130 825.2075 3 13 1175.7056 878.2554 20 10 1040.5005 0.0249 21 22 1277.0020 114.9358 22 31 1414.0591 224.8528 23 32 1466.0815 314.6660 24 35 1668.2065 609.4702 25 32 1610.2607 707.5330
6.8603415144e-002 -4.6227338659e-002 9.7001643876e-001
54 73 46
7 0 39 1565.8911 616.1929 1 39 1629.6709 740.0798 21 23 1262.7410 111.7676 22 32 1399.2683 220.9515 23 33 1451.4651 310.6931 24 36 1655.6689 604.0153 25 33 1599.0181 701.3373
6.9519455960e-002 -4.4253834149e-002 9.7046767911e-001
58 75 46
7 0 40 1571.6318 601.4999 1 40 1634.2656 727.3870 21 24 1269.1138 95.1637 22 33 1406.3774 204.3337 23 34 1458.1423 293.9879 24 37 1661.0313 589.2026 25 34 1603.8560 688.4150
6.6715706566e-002 -3.9268990730e-002 9.7350616657e-001
66 88 57
6 0 41 1546.5029 561.9066 1 41 1612.7373 687.9414 22 34 1380.0544 164.9995 23 35 1428.8188 252.8584 24 38 1635.1895 548.7151 25 35 1581.6621 648.2710
1.1478035780e-001 -3.2003025230e-002 9.5986449304e-001
50 65 41
17 0 43 1905.7817 550.0660 1 43 1904.2769 708.1327 2 30 1633.8770 803.5452 3 14 1324.4358 868.2875 21 25 1643.2983 -70.8201 22 36 1798.7485 76.6569 23 37 1848.2520 195.0603 24 40 1990.8667 544.0692 25 37 1888.3296 666.0455 36 16 -1687.4325 112.8915 37 25 -1877.6638 -13.0995 38 23 -1855.2660 -108.5635 39 26 -1822.2728 -198.6169 40 20 -1662.1621 -364.1274 41 26 -1470.1129 -528.1890 42 16 -1212.6394 -704.8486 43 11 -831.8723 -833.5552
1.6604023376e-001 -2.2371220444e-002 9.4766034879e-001
66 86 61
9 0 44 2278.3813 523.0055 1 44 2193.4448 714.9012 2 31 1854.2563 827.8641 24 41 2356.6294 524.0345 25 38 2194.2822 669.6892 41 27 -1891.0828 -566.6382 42 17 -1587.9102 -796.4509 43 12 -1112.8483 -969.9443 44 4 -720.6838 -1046.2241
1.6830844648e-001 -1.7649977229e-002 9.4893727861e-001
44 53 33
17 0 45 2290.6465 490.5513 1 45 2202.7915 686.2118 2 32 1861.7202 800.8886 19 6 1420.1489 -623.5342 20 11 1769.4370 -489.4480 21 26 2111.8745 -273.3311 22 37 2277.2817 -74.7312 23 38 2314.5645 78.7841 24 42 2368.5791 491.8704 25 39 2204.2788 640.8489 38 24 -2250.8945 -20.1034 39 27 -2243.1714 -131.0562 40 21 -2105.4980 -328.6196 41 28 -1910.5964 -533.7920 42 18 -1605.5808 -762.9399 43 13 -1124.2092 -935.0869 44 5 -727.4673 -1010.6907
-9.2610318171e-002 -3.9566075681e-002 1.0249539037e+000
81 112 78
6 0 46 336.8215 424.6058 1 46 573.7957 438.1943 2 33 560.5549 447.8688 3 15 538.0098 454.1458 24 43 426.0513 386.4769 25 40 495.0471 406.4255
-3.1137606773e-002 -3.2002087976e-002 1.0092393767e+000
73 102 69
13 0 47 798.7498 422.8324 1 47 979.4844 482.8828 2 34 893.8999 522.1298 3 16 785.0171 549.7668 23 39 602.0078 191.2225 24 44 888.8115 393.7361 25 41 916.7263 446.3188 37 26 -888.4558 -60.8016 38 25 -777.0476 -75.0759 39 28 -698.2722 -100.1263 40 22 -515.6370 -160.5044 41 29 -375.7158 -212.4600 42 19 -283.8042 -259.5442
-9.1328026551e-002 -3.7573047981e-002 1.0252439787e+000
68 86 60
9 0 48 345.4180 410.6136 1 48 582.8518 425.1909 2 35 567.9995 436.2714 3 17 543.7334 443.5881 21 27 81.3645 216.5574 22 38 104.8750 222.3802 23 40 118.4871 231.2018 24 45 435.0032 372.5872 25 42 504.2886 393.3704
-9.1248257343e-002 -3.3876112636e-002 1.0269957465e+000
67 87 62
15 0 49 345.1152 383.4041 1 49 581.2371 397.7462 19 7 37.1230 177.7303 20 12 58.7957 180.0403 21 28 82.5823 188.1709 22 39 105.8257 193.9701 23 41 119.1895 203.1674 24 46 434.4766 345.2236 25 43 502.9785 365.6257 36 17 -457.9724 -97.3130 37 27 -463.1055 -104.7069 38 26 -328.8567 -84.2921 39 29 -242.9063 -82.7567 40 23 -70.8022 -104.3584 41 30 34.1282 -117.1539
-8.6720695138e-002 -3.3110669182e-002 1.0260863619e+000
64 83 59
17 0 50 378.5317 381.9999 1 50 610.2019 399.7042 2 36 589.7686 412.5846 3 18 559.0188 420.9080 21 29 112.5564 177.3806 22 40 139.6428 186.4767 23 42 154.8994 197.6115 24 47 467.9954 344.3583 25 44 533.8533 367.1409 34 7 -79.8108 -61.4869 35 10 -473.7468 -75.5669 36 18 -485.5334 -85.9769 37 28 -494.1191 -96.0164 38 27 -362.0786 -78.0051 39 30 -276.2805 -78.7323 40 24 -104.0325 -103.6136 41 31 3.5474 -119.3717
-1.7456908087e-002 -2.3446364650e-002 1.0067770780e+000
77 101 70
10 0 51 902.7141 372.2107 1 51 1071.2395 443.6035 20 13 469.0161 -29.8572 21 30 592.4412 25.5597 22 41 673.9854 77.6606 23 43 712.7917 123.6326 24 48 993.7942 344.7800 36 19 -931.6443 43.9904 37 29 -991.9919 -8.0514 38 28 -882.1525 -29.2620
-1.6176012799e-001 -4.0789040853e-002 1.0458646551e+000
78 101 69
9 0 52 -190.0996 371.5103 1 52 91.1067 328.2483 19 8 -243.9385 355.5137 20 14 -300.1406 336.6573 21 31 -368.8494 308.4999 22 42 -408.1895 275.3927 23 44 -427.6367 252.2009 24 49 -107.3074 321.9290 25 45 -5.1204 301.3804
-1.8195485934e-001 -4.1866657289e-002 1.0520251554e+000
69 88 59
8 0 53 -345.3474 361.3751 1 53 -55.2236 302.1755 2 37 23.8276 262.6104 21 32 -490.4812 333.1188 22 43 -549.3527 290.2811 23 45 -581.1449 258.9550 24 50 -265.2551 308.4137 25 46 -156.9844 276.5850
-1.8017925348e-001 -4.1115371685e-002 1.0517595268e+000
63 83 57
8 0 54 -331.6353 358.0786 1 54 -42.6604 298.7883 2 38 35.9260 259.7974 21 33 -479.5181 326.4501 22 44 -536.8772 284.9230 23 46 -567.2910 253.5522 24 51 -251.2097 305.1720 25 47 -144.1597 273.1991
1.0790714088e-001 -6.8075648846e-003 9.7218651209e-001
65 82 57
17 0 55 1833.9937 359.8732 1 55 1843.2383 522.2748 2 39 1585.4097 621.0668 21 34 1566.7598 -277.6530 22 45 1716.7910 -127.6597 23 47 1766.1406 -8.5283 24 52 1918.6011 352.0398 25 48 1824.8042 477.7043 35 11 -1457.5502 359.2289 36 20 -1675.4641 259.5388 37 30 -1854.2427 143.2684 38 29 -1819.6445 56.0217 39 31 -1777.2214 -26.1686 40 25 -1606.8387 -170.9064 41 32 -1408.3003 -319.8439 42 20 -1149.6888 -476.5398 43 14 -775.8406 -589.2134
1.7077139596e-001 3.2459589357e-003 9.5650265628e-001
52 68 44
11 0 56 2287.0483 341.5481 1 56 2197.2891 547.2047 2 40 1856.8208 669.4301 18 4 1012.4363 -944.9294 19 9 1427.7593 -827.7485 20 15 1774.8740 -687.9890 21 35 2113.6577 -461.6099 22 46 2277.7222 -252.9268 23 48 2313.5654 -91.7396 24 53 2364.3325 342.8527 25 49 2198.4932 498.7157
6.1620323693e-002 -9.3697864201e-003 9.8594340073e-001
65 85 57
17 0 57 1491.3977 338.2362 1 57 1566.4224 469.6104 2 41 1369.8472 550.7998 3 19 1136.0735 608.0122 21 36 1186.6685 -189.8914 22 47 1316.7366 -78.6660 23 49 1367.9722 12.5966 24 54 1580.0640 323.3363 25 50 1533.1831 426.8854 35 12 -1248.6984 285.2202 36 21 -1414.3210 203.4562 37 31 -1545.1561 109.1671 38 30 -1477.3817 45.5612 39 32 -1416.4889 -17.5265 40 26 -1232.2773 -131.0452 41 33 -1043.6372 -243.7633 42 21 -833.5872 -357.5872
-7.8048699190e-002 -2.5243069343e-002 1.0251073730e+000
66 87 61
13 0 59 446.1182 331.9507 1 59 672.3232 357.2361 2 43 644.4619 375.4474 22 48 204.6433 120.2808 23 51 223.4377 136.6162 24 55 536.0120 295.0535 25 52 598.1843 323.4301 36 22 -552.3184 -31.5669 37 32 -563.4806 -47.5618 38 32 -429.7410 -35.3235 39 34 -340.2151 -40.4443 40 28 -162.0940 -67.5410 41 35 -45.1294 -87.7354
-1.8991732172e-001 -3.7874801521e-002 1.0561362299e+000
83 99 68
10 0 60 -406.8164 325.0918 1 60 -114.0898 256.4553 2 44 -26.3926 210.1448 19 11 -342.9775 379.1348 20 17 -428.9897 352.9005 21 38 -534.8430 311.3225 22 49 -602.7220 264.6816 23 52 -639.7446 228.9911 24 56 -327.2197 270.2638 25 53 -216.5957 231.9442
-9.3645365564e-002 -2.4848375514e-002 1.0298466981e+000
62 81 57
15 0 61 329.2673 315.6752 1 61 568.8689 328.0636 2 45 557.8774 338.0719 3 20 538.2996 344.5684 21 39 62.9663 120.7964 22 50 86.5171 125.0293 23 53 99.8179 133.5463 24 57 418.3855 275.9170 25 54 490.4749 295.5653 36 23 -452.7664 -48.5546 37 33 -451.6494 -54.6434 38 33 -311.8132 -33.0350 39 35 -221.9160 -30.7891 40 29 -47.4485 -47.7197 41 36 59.1870 -58.0256
-1.6993433210e-001 -3.1883661436e-002 1.0522719964e+000
88 114 80
15 0 62 -253.6902 299.1617 1 62 29.9263 246.8610 2 46 98.2126 214.1062 22 51 -462.7810 211.8719 23 54 -488.1389 184.3948 24 58 -172.1697 246.6959 25 55 -68.2500 220.0012 35 13 -1.3547 -217.7328 36 24 69.1824 -177.6217 37 34 115.2458 -132.7953 38 34 266.1060 -65.1835 39 36 350.5513 -30.6826 40 30 495.6084 -2.7655 41 37 541.0281 30.6251 42 23 454.3564 70.6965
-1.7078992884e-001 -3.0039158527e-002 1.0532640008e+000
86 110 78
15 0 65 -259.9731 284.9147 1 65 23.8252 231.4264 2 48 93.1323 196.9286 3 21 181.4744 168.1862 21 42 -419.6914 236.8833 22 54 -468.7876 198.5222 23 57 -494.3284 170.8732 24 60 -178.4951 232.0281 25 58 -74.4363 205.0963 36 27 75.4170 -166.5764 37 36 122.5461 -121.3153 38 37 273.6360 -53.1372 39 39 358.5554 -17.9298 40 33 503.1240 10.8683 41 40 548.0591 44.2972
1.6996303685e-001 1.1901839852e-002 9.6026718006e-001
52 65 44
15 0 66 2273.2866 279.1985 1 66 2185.4131 487.9030 2 49 1847.2236 611.6635 18 6 1007.5166 -1023.3530 19 12 1418.5137 -904.0671 20 18 1761.8730 -762.6980 21 43 2097.4473 -534.6167 22 55 2260.1621 -323.8208 23 58 2296.0186 -160.6768 24 61 2349.5117 280.1781 25 59 2186.2129 438.3594 39 40 -2272.8848 70.0393 40 34 -2127.2327 -108.9730 41 41 -1923.8054 -302.5685 42 25 -1606.9331 -515.9863
-1.2427348074e-001 -2.3257283261e-002 1.0398835419e+000
64 80 56
14 0 67 96.8145 276.6776 1 67 358.3525 263.8314 2 50 381.5166 256.9979 21 44 -134.6470 139.8464 22 56 -138.4333 126.5681 23 59 -138.7107 120.0878 24 62 183.8264 231.3704 25 60 271.5134 233.4108 36 28 -252.2004 -74.2301 37 37 -228.4604 -60.7771 38 38 -79.5374 -21.2881 39 41 11.1921 -5.6415 40 35 177.4893 -2.7089 41 42 262.3572 4.8301
-2.7386672830e-001 -4.0775148265e-002 1.0810492919e+000
72 85 57
9 0 68 -1048.0828 270.8762 1 68 -743.8353 124.3918 2 51 -586.1681 20.1847 3 22 -352.0225 -65.1378 21 45 -1006.7079 402.4741 22 57 -1160.0181 316.6465 23 60 -1252.2660 245.6312 24 63 -984.4615 200.5411 25 61 -865.0051 107.4408
-1.9330101597e-001 -3.0433328908e-002 1.0603792699e+000
85 104 73
17 0 69 -432.0640 267.6025 1 69 -140.5237 193.8690 2 52 -50.4277 144.8535 3 23 70.6860 106.0916 21 46 -551.6438 259.5714 22 58 -623.0465 210.9894 23 61 -662.2275 172.9253 24 64 -353.7214 210.7643 25 62 -243.8262 168.8586 34 9 425.5239 -296.0751 35 16 141.8342 -250.7911 36 29 234.5623 -195.3572 37 38 293.8438 -133.8174 38 39 445.9758 -52.4613 39 42 528.0857 -7.5956 40 36 660.9011 34.3271 41 43 685.5728 79.0258
-8.6510877433e-002 -1.7267534910e-002 1.0319555422e+000
74 95 67
19 0 70 377.5774 266.4309 1 70 608.0510 283.9326 2 53 588.1499 296.7549 3 24 558.1572 304.8737 20 19 85.2886 43.4299 21 47 114.1904 55.4381 22 59 140.6028 64.4800 23 62 155.6702 76.2020 24 65 466.5879 227.1753 25 63 531.7351 250.8776 35 17 -488.4675 25.8882 36 30 -495.4939 15.5686 37 39 -498.9119 5.8153 38 40 -360.7932 23.5325 39 43 -270.6467 23.6768 40 37 -94.8320 4.6556 41 44 15.8513 -9.4337 42 26 41.3894 -15.6040 43 17 69.7217 -19.3354
-2.6496720938e-001 -3.8455375926e-002 1.0791598998e+000
78 95 64
8 0 71 -979.5541 262.0000 1 71 -674.9420 122.9979 2 54 -523.6750 24.4114 21 48 -957.9153 378.5758 22 60 -1102.1267 296.3158 23 63 -1187.6034 229.3151 24 66 -913.8989 193.2125 25 64 -793.7485 105.2477
-2.2976926005e-001 -3.4207716851e-002 1.0701994912e+000
72 89 60
10 0 72 -710.6538 262.5157 1 72 -408.9729 156.1896 2 55 -285.8015 82.7533 3 25 -114.5396 23.7090 22 61 -870.4873 252.6133 23 64 -932.5394 199.3512 24 67 -638.2238 199.7455 25 65 -521.4719 134.6030 39 44 795.0212 -13.9657 40 38 906.7161 48.0200
-1.8490853410e-001 -2.8872665597e-002 1.0582718972e+000
84 107 76
15 0 73 -367.7441 263.5815 1 73 -78.7195 197.8032 2 56 3.8896 153.7776 20 20 -402.9587 282.3402 21 49 -502.9324 241.2797 22 62 -565.7462 195.8757 24 68 -288.1494 208.4845 25 66 -179.8828 171.2733 36 31 174.4810 -175.3403 37 40 229.2036 -119.4828 38 41 382.6851 -43.2119 39 45 465.6763 -2.1428 40 39 603.4634 35.7632 41 45 636.3633 76.2321 42 27 528.5527 123.9417
1.0223180608e-002 -4.8820062527e-003 1.0040793692e+000
83 107 77
15 0 74 1106.3691 261.7000 1 74 1244.6780 357.0159 19 13 490.3831 -275.3015 20 21 632.2009 -232.6206 21 50 788.4805 -157.5918 22 63 889.9402 -84.4801 23 65 935.0725 -21.3759 24 69 1196.7808 237.5945 25 67 1195.3992 315.9993 36 32 -1118.0656 183.6121 37 41 -1197.5942 117.5710 38 42 -1095.5974 82.3105 39 46 -1016.4393 42.4163 40 40 -824.7609 -33.5518 41 46 -653.4546 -108.2990
1.7595079928e-001 1.5975159845e-002 9.5992685407e-001
45 57 40
